0 251
1 7
2 304
3 304
4 251
5 215
6 242
7 339
8 636
9 215
10 251
11 524
12 18
13 251
14 251
15 215
16 242
17 339
18 636
19 242
20 339
21 304
22 251
23 215
24 242
25 339
26 71
27 636
28 1111
29 1111
30 251
31 215
32 242
33 339
34 636
35 636
36 32
37 339
38 339
39 251
40 215
41 242
42 339
43 636
44 32
45 339
46 339
47 251
48 524
49 242
50 339
51 251
52 215
53 242
54 339
55 307
56 339
57 251
58 215
59 242
60 339
61 71
62 1111
63 1111
64 251
65 215
66 242
67 339
68 636
69 636
70 242
71 339
72 304
73 251
74 215
75 242
76 339
77 636
78 71
79 1111
80 1111
81 251
82 215
83 242
84 339
85 1111
86 251
87 215
88 242
89 339
90 636
91 32
92 339
93 339
94 251
95 215
96 242
97 339
98 636
99 215
100 251
101 524
102 18
103 251
104 251
105 215
106 242
107 339
108 636
109 71
110 636
111 636
112 636
113 636
114 23
115 339
116 636
117 524
118 251
119 215
120 242
121 339
122 636
123 636
124 242
125 339
126 304
127 251
128 215
129 242
130 339
131 636
132 636
133 242
134 339
135 304
136 251
137 215
138 242
139 339
140 636
141 242
142 339
143 304
144 251
145 215
146 242
147 339
148 23
149 339
150 1111
151 11
152 215
153 242
154 339
155 636
156 636
157 524
158 1111
159 251
160 524
161 524
162 251
163 524
164 242
165 339
166 251
167 524
168 307
169 339
170 251
171 215
172 242
173 339
174 636
175 1111
176 636
177 251
178 215
179 242
180 339
181 636
182 242
183 339
184 304
185 251
186 524
187 242
188 339
189 251
190 215
191 242
192 339
193 71
194 636
195 1111
196 1111
197 251
198 215
199 242
200 339
201 636
202 636
203 636
204 524
205 304
206 251
207 215
208 242
209 339
210 71
211 1111
212 1111
213 251
214 215
215 242
216 339
217 636
218 242
219 339
220 304
221 251
222 215
223 242
224 339
225 636
226 71
227 636
228 636
229 636
230 636
231 636
232 251
233 215
234 242
235 339
236 636
237 636
238 636
239 524
240 304
241 251
242 215
243 242
244 339
245 71
246 636
247 1111
248 1111
249 251
250 215
251 242
252 339
253 636
254 636
255 524
